{"sixhumpcamel": [[0.0898, -0.7126], -1.0316],
 "branin": [[-3.141592653589793, 12.275], 0.397887],
"beale": [[3, 0.5], 0],
 "bohachevsky_a": [[0, 0], 0],
  "bohachevsky_b": [[0, 0], 0],
 "bohachevsky_c": [[0, 0], 0],
  "rosenbrock2": [[1, 1], 0],
  "ackley2": [[0, 0], 0],
  "hartmann3": [[0.114614, 0.555646, 0.852547], -3.86278],
   "trid4": [[4, 6, 6, 4], -16],
   "shekel": [[4, 4, 4, 4], -10.5364],
    "ackley5": [[0, 0, 0, 0, 0], 0],
   "ackley30": [[0, 0, 0, 0, 0, 0, 0, 0, 0, 0, 0, 0, 0, 0, 0, 0, 0, 0, 0, 0], 0],
    "hartmann6": [[0.20169, 0.150011, 0.476875, 0.275332, 0.311652, 0.6573], -3.32237],
     "rastrigin8": [[0, 0, 0, 0, 0, 0, 0, 0], 0],
     "levy8": [[1,1,1,1,1,1,1,1],0],
      "levy6": [[1,1,1,1,1,1],0],
"dixonprice10":[[1.0, 0.7071067811865475, 0.5946035575013605, 0.5452538663326288, 0.5221368912137069, 0.5109485743270583, 0.5054446430258502, 0.5027149505564014, 0.5013556375251013, 0.5006773599460541],0]}
